-3.6382853268001654E-130
-7.628723683231371E-130
-1.2357282282155028E-129
-1.828078136091227E-129
-2.597068107028766E-129
-3.616778087544774E-129
-4.9853026677539186E-129
-6.834114126065589E-129
-9.340594613613421E-129
-1.2744922885689565E-128
-1.7372910862926953E-128
-2.366694474528654E-128
-3.222794661428503E-128
-4.3872306404395535E-128
-5.97091370843811E-128
-8.124510836482094E-128
-1.1052669301100385E-127
-1.5033315423817417E-127
-2.044383366756843E-127
-2.779657354337571E-127
-3.77870001076634E-127
-5.135897952257117E-127
-6.9793282737584835E-127
-9.48275445930053E-127
-1.2881883097669147E-126
-1.7496391133651943E-126
-2.3759767044119134E-126
-3.2259731179093704E-126
-4.379297676036644E-126
-5.943929313400065E-126
-8.066191765738864E-126
-1.0944337525783249E-125
-1.4846932560034897E-125
-2.0137734449187695E-125
-2.7309352030791516E-125
-3.702877900381711E-125
-5.01989804731021E-125
-6.804217880459086E-125
-9.221246664507371E-125
-1.2494805023893874E-124
-1.6927703763617503E-124
-2.2929556091386526E-124
-3.1054359989986207E-124
-4.205127513487617E-124
-5.69332163149672E-124
-7.706950076581647E-124
-1.0431096567180083E-123
-1.4115891040311601E-123
-1.9099317997960105E-123
-2.5838004763696072E-123
-3.4948775449642994E-123
-4.7264726867086976E-123
-6.391089038256044E-123
-8.640630584400715E-123
-1.1680170770796679E-122
-1.5786522142457094E-122
-2.1333277534769026E-122
-2.882457339371668E-122
-3.894060684810795E-122
-5.259898970751324E-122
-7.103743811445526E-122
-9.592520189198961E-122
-1.2951320181266618E-121
-1.748362934698387E-121
-2.359857188877244E-121
-3.184760524584927E-121
-4.29739348681479E-121
-5.797904979699983E-121
-7.821229912320597E-121
-1.0549147246597489E-120
-1.4226509443336378E-120
-1.91830835544577E-120
-2.5862940531401044E-120
-3.486399636009881E-120
-4.6991205006829316E-120
-6.332810757133462E-120
-8.533306016175587E-120
-1.1496863668297603E-119
-1.5487562237380533E-119
-2.0860693509442905E-119
-2.809420770094299E-119
-3.7830978963177886E-119
-5.093560776453403E-119
-6.857075098720866E-119
-9.229968103944616E-119
-1.2422407096342757E-118
-1.6716908330657645E-118
-2.249319744834859E-118
-3.0261597293157605E-118
-4.07078630485792E-118
-5.475338281561677E-118
-7.363600059719214E-118
-9.901851426336196E-118
-1.3313430902520882E-117
-1.789828157490499E-117
-2.40591812491283E-117
-3.233693912815067E-117
-4.345761919686217E-117
-5.8395893275203196E-117
-7.846002428403032E-117
-1.0540585319588193E-116
-1.4158967285948743E-116
-1.9017323459090205E-116
-2.5539863861647425E-116
-3.429568947574621E-116
-4.604820241250177E-116
-6.1821340079142E-116
-8.298835344105651E-116
-1.1139079153751237E-115
-1.4949795493539756E-115
-2.0062056275958485E-115
-2.6919703969041268E-115
-3.6117707011295363E-115
-4.8453542062436645E-115
-6.499602140360462E-115
-8.717748039424276E-115
-1.169172427834838E-114
-1.5678696193647856E-114
-2.1023202248469245E-114
-2.8186798556322452E-114
-3.778774809052045E-114
-5.06541537883325E-114
-6.789508368885011E-114
-9.099577306310796E-114
-1.2194504401565236E-113
-1.634058321389373E-113
-2.189433862666942E-113
-2.9333062370016546E-113
-3.929566971727971E-113
-5.263736195579334E-113
-7.050275440462739E-113
-9.442370083661066E-113
-1.2645014540979784E-112
-1.6932514068175797E-112
-2.267189228850475E-112
-3.035419512661486E-112
-4.063635216352867E-112
-5.439715227288558E-112
-7.281208755219575E-112
-9.745341927674523E-112
-1.3042395712685488E-111
-1.745358989229712E-111
-2.3354989383152497E-111
-3.1249458972918354E-111
-4.180937355029353E-111
-5.593370062527619E-111
-7.482428711440814E-111
-1.0008780548805266E-110
-1.3387198228857094E-110
-1.790476274467688E-110
-2.3945184970503632E-110
-3.2021300750472764E-110
-4.281848407445386E-110
-5.72526437363877E-110
-7.65476984681406E-110
-1.0233906732722268E-109
-1.3681190417212964E-109
-1.8288573169583317E-109
-2.444610377143821E-109
-3.2674861257031382E-109
-4.36709369837697E-109
-5.836416878688774E-109
-7.799657176363269E-109
-1.0422706644331208E-108
-1.3927131573413477E-108
-1.8608843258744323E-108
-2.4863025830333675E-108
-3.3217416709620074E-108
-4.43767366638161E-108
-5.9282002481033E-108
-7.918970443581367E-108
-1.0577749763062204E-107
-1.4128528063630096E-107
-1.88703502928057E-107
-2.520245029848252E-107
-3.3657796318605915E-107
-4.4947861816197444E-107
-6.002237601400576E-107
-8.01490635268675E-107
-1.0702005689451985E-106
-1.428938996510353E-106
-1.9078503766281438E-106
-2.5471667203303415E-106
-3.400581503055759E-106
-4.539751473576271E-106
-6.06030324576244E-106
-8.089847443500417E-106
-1.0798671084493783E-105
-1.4414002863955488E-105
-1.9239044744072995E-105
-2.567836172177762E-105
-3.427175311251428E-105
-4.5739437529252206E-105
-6.104232913521181E-105
-8.146244362733409E-105
-1.0871015401017063E-104
-1.4506725889219284E-104
-1.935778169286633E-104
-2.583026897075646E-104
-3.446590546058026E-104
-4.59873242671532E-104
-6.135847161069631E-104
-8.186516143987484E-104
-1.0922251195656724E-103
-1.4571823220654871E-103
-1.9440371799216024E-103
-2.593489048336053E-103
-3.459821440411449E-103
-4.615434594816901E-103
-6.156889984069459E-103
-8.212970978278854E-103
-1.0955431990814433E-102
-1.461333258302717E-102
-1.9492151871763714E-102
-2.599927706647399E-102
-3.467799126001487E-102
-4.625279396818994E-102
-6.168983236393349E-102
-8.227748034888356E-102
-1.0973378142309737E-101
-1.4634970956815292E-101
-1.9518018644439763E-101
-2.602987716094066E-101
-3.4713724646051095E-101
-4.6293838380998806E-101
-6.173596221457136E-101
-8.232779315464548E-101
-1.0978629131648293E-100
-1.4640075109065543E-100
-1.9522354917195568E-100
-2.603244548326502E-100
-3.471296799361115E-100
-4.628739011194107E-100
-6.172028914632566E-100
-8.229769364895774E-100
-1.0973419228076774E-99
-1.4631572679459658E-99
-1.9508995607811862E-99
-2.6012003748047155E-99
-3.4682294954808876E-99
-4.6242051593514565E-99
-6.165406689735072E-99
-8.220189934350756E-99
-1.0959672564491096E-98
-1.4611978447084684E-98
-1.948122642979492E-98
-2.5972843617870848E-98
-3.462730940397524E-98
-4.616513790495233E-98
-6.154684140041727E-98
-8.20528636180462E-98
-1.0939013291960244E-97
-1.458340997681813E-97
-1.9441807445516615E-97
-2.5918561539766983E-97
-3.455269625647152E-97
-4.606275008557332E-97
-6.140655558221248E-97
-8.186092437858123E-97
-1.0912786528893515E-96
-1.454761697417772E-96
-1.939301399595106E-96
-2.585211556467118E-96
-3.4462300039816813E-96
-4.5939883405479695E-96
-6.123969808968925E-96
-8.163450777051821E-96
-1.0882086190948276E-95
-1.4506019213235197E-95
-1.933668827594934E-95
-2.577589533652643E-95
-3.435921968926715E-95
-4.580055553068575E-95
-6.105147628169039E-95
-8.138036130844375E-95
-1.0847786361964837E-94
-1.4459748691692983E-94
-1.9274295905682285E-94
-2.569179791492027E-94
-3.4245910051410727E-94
-4.5647942251047023E-94
-6.084599752343087E-94
-8.110379578286536E-94
-1.0810573540144791E-93
-1.4409692573924672E-93
-1.92069830663593E-93
-2.5601303726846593E-93
-3.4124282762318084E-93
-4.548451135490958E-93
-6.0626446709061765E-93
-8.080892048006835E-93
-1.077097778174084E-92
-1.4356534396139442E-92
-1.9135630979079098E-92
-2.5505548545999685E-92
-3.399580128585492E-92
-4.5312148032423946E-92
-6.039525162747053E-92
-8.049886111140269E-92
-1.0729401403917057E-91
-1.4300791847999887E-91
-1.9060905608391515E-91
-2.5405388843671707E-91
-3.386156679089288E-91
-4.5132267665802445E-91
-6.01542310221174E-91
-8.017595407152881E-91
-1.0686144459061772E-90
-1.4242850162158794E-90
-1.8983301405153327E-90
-2.5301459067887153E-90
-3.3722393120335967E-90
-4.494591390624856E-90
-5.990472284023876E-90
-7.984191406714821E-90
-1.064142663514509E-89
-1.4182990714246444E-89
-1.8903178639720433E-89
-2.5194220356047833E-89
-3.3578870325415E-89
-4.4753841505747724E-89
-5.9647692179860306E-89
-7.949797473835088E-89
-1.0595405567102479E-88
-1.4121414858270227E-88
-1.882079441590383E-88
-2.5084000874139016E-88
-3.343141711440475E-88
-4.4556584485236874E-88
-5.938381985628399E-88
-7.914500368565574E-88
-1.0548191770790723E-87
-1.4058263308492485E-87
-1.8736327816711833E-87
-2.4971028429089495E-87
-3.328032313414731E-87
-4.435451093340831E-87
-5.911357339990174E-87
-7.87835944246596E-87
-1.0499860548786901E-86
-1.3993631549365249E-86
-1.8649899843272716E-86
-2.4855456259426768E-86
-3.312578231915118E-86
-4.414786611571294E-86
-5.883726276388014E-86
-7.841413835190202E-86
-1.0450461284403592E-85
-1.3927581834572215E-85
-1.8561588901473298E-85
-2.4737383017148582E-85
-3.296791866574452E-85
-4.393680570991083E-85
-5.855508316840514E-85
-7.803687995948863E-85
-1.0400024555273916E-84
-1.3860152349163232E-84
-1.8471442599167374E-84
-2.461686795350124E-84
-3.280680577415994E-84
-4.372142094700938E-84
-5.82671474354298E-84
-7.76519584104137E-84
-1.034856747752678E-83
-1.3791364077158069E-83
-1.8379486569047576E-83
-2.449394225069238E-83
-3.264248139852289E-83
-4.350175728846403E-83
-5.7973509957330255E-83
-7.725943828952997E-83
-1.0296097649976297E-82
-1.372122585910661E-82
-1.8285730952141693E-82
-2.436861733116094E-82
-3.2474958093241187E-82
-4.327782806347406E-82
-5.767418416079429E-82
-7.68593319619674E-82
-1.0242616015853591E-81
-1.3649738053977464E-81
-1.819017508238404E-81
-2.424089084891299E-81
-3.2304230873674057E-81
-4.304962426161585E-81
-5.736915502157746E-81
-7.645161556265255E-81
-1.0188118905199133E-80
-1.3576895147314476E-80
-1.8092810816425453E-80
-2.4110750939597065E-80
-3.2130282639460033E-80
-4.2817121451582804E-80
-5.7058387888805E-80
-7.603624024822409E-80
-1.0132599469245681E-79
-1.3502687579323084E-79
-1.7993624862910084E-79
-2.3978179187648034E-79
-3.195308795327267E-79
-4.258028459237044E-79
-5.674183460915753E-79
-7.56131399906175E-79
-1.007604867197866E-78
-1.3427103006098767E-78
-1.789260038631601E-78
-2.384315266530476E-78
-3.1772615632452543E-78
-4.23390713264754E-78
-5.64194377105117E-78
-7.518223689059189E-78
-1.0018455964823501E-77
-1.3350127156099239E-77
-1.7789718093916737E-77
-2.370564531173981E-77
-3.158883049839243E-77
-4.209343419836972E-77
-5.60911332145629E-77
-7.474344474269349E-77
-9.959809738381923E-77
-1.3271744402413001E-76
-1.7684956960549075E-76
-2.3565628850718752E-76
-3.1401694538105396E-76
-4.184332212440087E-76
-5.575685249638355E-76
-7.429667138710103E-76
-9.900097619791971E-76
-1.3191938138622528E-75
-1.7578294703563657E-75
-2.34230733905761E-75
-3.1211167661908696E-75
-4.1588681349336903E-75
-5.541652349163239E-75
-7.38418202326891E-75
-9.839306664819261E-75
-1.3110691020989155E-74
-1.7469708088058049E-74
-2.3277947808770797E-74
-3.1017208187728584E-74
-4.1329456056059695E-74
-5.507007146379055E-74
-7.337879122211019E-74
-9.777423479198915E-74
-1.3027985120949946E-73
-1.7359173118437783E-73
-2.3130219992401367E-73
-3.08197731429278E-73
-4.106558874412909E-73
-5.471741947870741E-73
-7.290748142630396E-73
-9.714434293069082E-73
-1.2943802018249059E-72
-1.7246665154861298E-72
-2.2979856983690305E-72
-3.0618818445927187E-72
-4.079702045632801E-72
-5.435848868692304E-72
-7.242778539599255E-72
-9.650325004686973E-72
-1.2858122855245782E-71
-1.7132158980625022E-71
-2.2826825063487192E-71
-3.0414299009534014E-71
-4.052369090632171E-71
-5.399319848111967E-71
-7.1939595355510835E-71
-9.585081204240325E-71
-1.2770928366100099E-70
-1.7015628837841556E-70
-2.267108979475594E-70
-3.0206168793773164E-70
-4.024553854260171E-70
-5.3621466573181453E-70
-7.144280129520698E-70
-9.518688184863113E-70
-1.268219888981337E-69
-1.6897048442752423E-69
-2.251261604037441E-69
-2.999438082631955E-69
-3.9962500571565024E-69
-5.324320901971793E-69
-7.093729099885439E-69
-9.451130945454648E-69
-1.2591914372933484E-68
-1.6776390988003578E-68
-2.2351367964488704E-68
-2.9778887202180065E-68
-3.967451295441006E-68
-5.285834021453177E-68
-7.042295002932386E-68
-9.382394188227706E-68
-1.2500054365600602E-67
-1.665362913650655E-67
-2.2187309023231123E-67
-2.955963906993192E-67
-3.9381510387027844E-67
-5.2466772859587175E-67
-6.989966168705033E-67
-9.31246231281279E-67
-1.2406598013231768E-66
-1.6528735009774562E-66
-2.2020401948434342E-66
-2.9336586609073324E-66
-3.908342626861706E-66
-5.206841792164306E-66
-6.936730695028243E-66
-9.241319408044562E-66
-1.2311524045253473E-65
-1.6401680172494104E-65
-2.1850608726541885E-65
-2.910967900123766E-65
-3.878019266244507E-65
-5.1663184578835086E-65
-6.88257644024336E-65
-9.168949242092228E-65
-1.2214810761706684E-64
-1.627243561436106E-64
-2.1677890573996343E-64
-2.8878864396870732E-64
-3.847174025075885E-64
-5.125098015970036E-64
-6.827491014967365E-64
-9.095335251326845E-64
-1.2116436018213446E-63
-1.6140971729787743E-63
-2.15022079098563E-63
-2.8644089878290653E-63
-3.815799828496984E-63
-5.083171007601964E-63
-6.771461773041017E-63
-9.020460528124061E-63
-1.2016377209545322E-62
-1.6007258295772737E-62
-2.1323520325997735E-62
-2.8405301419572683E-62
-3.7838894531658583E-62
-5.040527775014918E-62
-6.71447580175065E-62
-8.944307807708407E-62
-1.191461125192524E-61
-1.5871264448093095E-61
-2.1141786555089615E-61
-2.8162443843474215E-61
-3.751435521463873E-61
-4.997158453710271E-61
-6.656519911349603E-61
-8.866859454061808E-61
-1.1811114564078642E-60
-1.5732958655825332E-60
-2.0956964436336307E-60
-2.7915460775377405E-60
-3.7184304953041147E-60
-4.9530529641316516E-60
-6.597580623868971E-60
-8.788097444882508E-60
-1.170586304701492E-59
-1.559230869416763E-59
-2.0769010878945773E-59
-2.7664294594183296E-59
-3.684866669530222E-59
-4.908201002791862E-59
-6.537644161190566E-59
-8.70800335555309E-59
-1.1598832062477788E-58
-1.5449281615473967E-58
-2.0577881823194443E-58
-2.740888637997638E-58
-3.650736164881951E-58
-4.862592032817045E-58
-6.476696432336347E-58
-8.626558342054877E-58
-1.1489996409978205E-57
-1.530384371837998E-57
-2.0383532198923796E-57
-2.7149175858233227E-57
-3.616030920495019E-57
-4.816215273864327E-57
-6.414723019914895E-57
-8.543743122747346E-57
-1.137933030229965E-56
-1.5155960514873664E-56
-2.0185915881271593E-56
-2.6885101340305204E-56
-3.580742685899337E-56
-4.769059691363781E-56
-6.351709165656875E-56
-8.459537958920194E-56
-1.1266807339349515E-55
-1.5005596695136738E-55
-1.9984985643397745E-55
-2.6616599659856723E-55
-3.544863012472722E-55
-4.721113985026988E-55
-6.287639754963684E-55
-8.373922634017246E-55
-1.1152400480222542E-54
-1.4852716089978984E-54
-1.9780693105969238E-54
-2.6343606104932976E-54
-3.508383244305106E-54
-4.672366576560772E-54
-6.222499300383816E-54
-8.286876431413295E-54
-1.1036082013311588E-53
-1.4697281630637334E-53
-1.9572988683089416E-53
-2.6066054345233237E-53
-3.4712945084166613E-53
-4.622805596509982E-53
-6.156271923915117E-53
-8.19837811060845E-53
-1.0917823524285904E-52
-1.453925530570198E-52
-1.9361821524356257E-52
-2.5783876354169025E-52
-3.433587704272577E-52
-4.572418870152095E-52
-6.088941338029206E-52
-8.108405881700473E-52
-1.0797595861747363E-51
-1.4378598114911258E-51
-1.9147139452697158E-51
-2.5497002325221685E-51
-3.3952534925294505E-51
-4.5211939023553256E-51
-6.020490825296909E-51
-8.016937377968499E-51
-1.067536910033863E-50
-1.4215270019506703E-50
-1.892888889756161E-50
-2.520536058203966E-50
-3.35628228293614E-50
-4.46911786129571E-50
-5.950903216474748E-50
-7.923949626381049E-50
-1.0551112501050865E-49
-1.404922988881247E-49
-1.8707014823021898E-49
-2.4908877481664936E-49
-3.3166642213086245E-49
-4.416177560925139E-49
-5.880160866906108E-49
-7.829419015830471E-49
-1.0424794468463845E-48
-1.388043544267461E-48
-1.8481460650286575E-48
-2.4607477310220788E-48
-3.276389175486888E-48
-4.362359442065496E-48
-5.808245631067952E-48
-7.733321262863526E-48
-1.0296382504605426E-47
-1.370884318933434E-47
-1.82521681740469E-47
-2.4301082170269083E-47
-3.235446720166776E-47
-4.307649551983171E-47
-5.735138835065245E-47
-7.635631374640979E-47
-1.0165843159070576E-46
-1.3534408358254973E-46
-1.8019077472014295E-46
-2.398961185898182E-46
-3.1938261204925903E-46
-4.252033522291362E-46
-5.660821246868644E-46
-7.536323608850439E-46
-1.0033141975025052E-45
-1.3357084827386887E-45
-1.778212680694139E-45
-2.3672983736150488E-45
-3.151516314275885E-45
-4.19549654499557E-45
-5.5852730440423206E-45
-7.43537143022796E-45
-9.898243430628786E-45
-1.3176825044248296E-44
-1.7541252520291563E-44
-2.3351112580922026E-44
-3.1085058926919256E-44
-4.1380233464827986E-44
-5.508473778694761E-44
-7.332747463327902E-44
-9.76111087538877E-44
-1.299357994015209E-43
-1.7296388916645417E-43
-2.3023910436011385E-43
-3.0647830792835385E-43
-4.0795981592235E-43
-5.430402339337888E-43
-7.228423441113681E-43
-9.621706460864102E-43
-1.2807298836799067E-42
-1.7047468137787815E-42
-2.2691286437964536E-42
-3.020335707078946E-42
-4.020204690923111E-42
-5.3510369092974704E-42
-7.122370148885982E-42
-9.479991065066225E-42
-1.2617929344346495E-41
-1.6794420025268906E-41
-2.235314663183777E-41
-2.975151193602464E-41
-3.959826090824498E-41
-5.270354921271531E-41
-7.014557363001843E-41
-9.335924209814761E-41
-1.242541724994965E-40
-1.6537171970079508E-40
-2.2009393768446117E-40
-2.929216513527455E-40
-3.898444912821113E-40
-5.18833300757373E-40
-6.904953783755182E-40
-9.189463970193796E-40
-1.2229706395613304E-39
-1.6275648747861206E-39
-2.165992708203871E-39
-2.8825181686802538E-39
-3.8360430749846926E-39
-5.1049469455240825E-39
-6.793526961690619E-39
-9.040566875119997E-39
-1.2030738544015227E-38
-1.6009772337836437E-38
-2.1304642045937308E-38
-2.8350421550616155E-38
-3.772601815056361E-38
-5.02017159737613E-38
-6.680243216520368E-38
-8.889187797897235E-38
-1.182845323077069E-37
-1.5739461723379285E-37
-2.0943430103314016E-37
-2.7867739265010297E-37
-3.708101641377182E-37
-4.9339808440666135E-37
-6.565067547674226E-37
-8.73527983543785E-37
-1.1622787601346735E-36
-1.546463267179433E-36
-2.0576178369807655E-36
-2.7376983544967038E-36
-3.6425222786519546E-36
-4.8463475119662E-36
-6.447963535367914E-36
-8.578794174637788E-36
-1.1413676230569224E-35
-1.518519749050659E-35
-2.0202769304167493E-35
-2.6877996837219663E-35
-3.575842607838686E-35
-4.757243291667264E-35
-6.328893230876074E-35
-8.419679944116531E-35
-1.1201050922289462E-34
-1.4901064756351985E-34
-1.9823080342429453E-34
-2.637061482587281E-34
-3.5080405993346886E-34
-4.666638647682498E-34
-6.207817034480915E-34
-8.257884049244655E-34
-1.0984840486386057E-33
-1.4612139014129875E-33
-1.9436983490402783E-33
-2.585466588147438E-33
-3.4390932384911787E-33
-4.5745027177357255E-33
-6.084693559300694E-33
-8.093350988013189E-33
-1.0764970489771528E-32
-1.4318320439881627E-32
-1.9044344868285226E-32
-2.532997044512051E-32
-3.3689764423110403E-32
-4.48080320008647E-32
-5.959479478874797E-32
-7.926022644853005E-32
-1.054136297746454E-31
-1.4019504463526717E-31
-1.8645024200098504E-31
-2.4796340337633576E-31
-3.2976649659715207E-31
-4.385506227036023E-31
-5.832129355982794E-31
-7.755838058966754E-31
-1.0313936159044097E-30
-1.3715581344478224E-30
-1.823887423924948E-30
-2.4253577981969154E-30
-3.225132297558939E-30
-4.2885762224179384E-30
-5.702595449701282E-30
-7.582733163088026E-30
-1.0082604054913794E-29
-1.3406435692633571E-29
-1.7825740119843937E-29
-2.37014755246944E-29
-3.1513505390819343E-29
-4.189975740432529E-29
-5.570827497094579E-29
-7.406640487749077E-29
-9.847276095662931E-29
-1.3091945925580617E-28
-1.740545862124886E-28
-2.3139813839470894E-28
-3.076290271435067E-28
-4.089665282649207E-28
-5.436772465204738E-28
-7.2274888251383E-28
-9.607856666442092E-28
-1.2771983650979583E-27
-1.697785733082924E-27
-2.2568361391953463E-27
-2.9999204004989307E-27
-3.987603089330566E-27
-5.300374268083181E-27
-7.045202845363469E-27
-9.364244586535328E-27
-1.244641296070082E-26
-1.654275368650713E-26
-2.1986872941008497E-26
-2.9222079809455454E-26
-3.883744900385836E-26
-5.161573442447669E-26
-6.859702656341937E-26
-9.116332512117371E-26
-1.2115089620285542E-25
-1.6099953876664246E-25
-2.139508804549812E-25
-2.8431180135406383E-25
-3.7780436801953145E-25
-5.020306774082149E-25
-6.670903296530914E-25
-8.864006247431207E-25
-1.1777860133513218E-24
-1.5649251569701375E-24
-2.0792729338706464E-24
-2.7626132107477676E-24
-3.670449299187669E-24
-4.8765068652276776E-24
-6.478714147131594E-24
-8.607143946066098E-24
-1.1434560656967643E-23
-1.519042643883912E-23
-2.0179500523233072E-23
-2.6806537241668564E-23
-3.5609081633023273E-23
-4.730101630802184E-23
-6.283038247089343E-23
-8.345615179459647E-23
-1.1085015733214852E-22
-1.4723242439091753E-22
-1.955508402724362E-22
-2.597196825693503E-22
-3.449362780199177E-22
-4.5810137081584005E-22
-6.0837714898897865E-22
-8.079279843781373E-22
-1.0729036802976055E-21
-1.4247445781989982E-21
-1.891913824730348E-21
-2.512196532123996E-21
-3.335751248093199E-21
-4.429159760966612E-21
-5.880801675465202E-21
-7.807986868509146E-21
-1.0366420445844209E-20
-1.3762762538666148E-20
-1.8271294282351243E-20
-2.4256031600758026E-20
-3.220006649148129E-20
-4.2744496523622795E-20
-5.674007382992273E-20
-7.531572679587816E-20
-9.996946284678243E-20
-1.3268895781969818E-19
-1.7611152035762945E-19
-2.3373627942708512E-19
-3.102056324068966E-19
-4.116785455161169E-19
-5.463256620198904E-19
-7.24985935598215E-19
-9.62037446929727E-19
-1.276552215124145E-18
-1.693827552498069E-18
-2.2474166470347947E-18
-2.9818209973326975E-18
-3.956060256965935E-18
-5.2484051909591645E-18
-6.962652399239718E-18
-9.236442628469896E-18
-1.225228768641947E-17
-1.625218718688168E-17
-2.1557002797409115E-17
-2.859213712600417E-17
-3.7921567042319885E-17
-5.029294703836765E-17
-6.669738009095546E-17
-8.844862142221435E-17
-1.172880272672955E-16
-1.5552360895516473E-16
-2.062142646973075E-16
-2.734138523998822E-16
-3.6249452100783817E-16
-4.805750117387708E-16
-6.370879720762272E-16
-8.445313534398018E-16
-1.1194635596624462E-15
-1.4838213307676907E-15
-1.9666649100739902E-15
-2.606488869282959E-15
-3.454281723172296E-15
-4.5775766797135294E-15
-6.065814206048133E-15
-8.037440710713136E-15
-1.0649304697281872E-14
-1.410909300593187E-14
-1.869178946365389E-14
-2.4761455223974363E-14
-3.280004915169208E-14
-4.344556064012376E-14
-5.75424596243885E-14
-7.62084365830297E-14
-1.0092268469046185E-13
-1.336426669454946E-13
-1.7695854503065207E-13
-2.3429739808728886E-13
-3.10193258517823E-13
-4.1064414190932283E-13
-5.435840498110748E-13
-7.195069059740076E-13
-9.522912461189935E-13
-1.2602901382004252E-12
-1.6677714776438315E-12
-2.206821079924783E-12
-2.9198569903138507E-12
-3.862950928013836E-12
-5.110215443754971E-12
-6.759598025072442E-12
-8.9405323940377E-12
-1.1824040988594962E-11
-1.5636072137853007E-11
-2.067510526636265E-11
-2.7335386724101037E-11
-3.613759271779754E-11
-4.776928744931546E-11
-6.31382975379639E-11
-8.344311544771199E-11
-1.1026575034471858E-10
-1.456941636793365E-10
-1.9248368906711234E-10
-2.542698128660068E-10
-3.3584860799531175E-10
-4.435462641860882E-10
-5.857059304732783E-10
-7.733289888326538E-10
-1.0209195785219982E-9
-1.3475965637527186E-9
-1.778557329695735E-9
-2.347004306510922E-9
-3.096679926977847E-9
-4.08520139856965E-9
-5.388446590024888E-9
-7.106320910670197E-9
-9.370338071572235E-9
-1.2353582607733158E-8
-1.6283798869210117E-8
-2.146058272979384E-8
-2.8277955314842165E-8
-3.72539945264775E-8
-4.9069718604827E-8
-6.462009361045176E-8
-8.508092197121165E-8
-1.1199652509568462E-7
-1.4739464138404145E-7
-1.9393692808677625E-7
-2.5511601932665406E-7
-3.3551343204431356E-7
-4.411369582505924E-7
-5.798618353784985E-7
-7.620073338758179E-7
-1.0010899421252365E-6
-1.3148067073326256E-6
-1.7263183360626433E-6
-2.2659224347858014E-6
-2.973234145621584E-6
-3.90002615526007E-6
-5.113924862031047E-6
-6.703217228688221E-6
-8.78309715364407E-6
-1.150377566193909E-5
-1.506100166749728E-5
-1.97096968229623E-5
-2.578160825798973E-5
-3.3708138316045896E-5
-4.404983503821478E-5
-5.7534438789963316E-5
-7.510590078005681E-5
-9.798744468170618E-5
-1.2776256493141302E-4
-1.66478882355592E-4
-2.1678105377359109E-4
-2.820805077471069E-4
-3.66771709879275E-4
-4.7650700770207225E-4
-6.185449262401916E-4
-8.021901316736304E-4
-0.0010393471823534606
-0.0013452146331514767
-0.001739150967728411
-0.002245748999851249
-0.0028961604112228566
-0.003729716277652551
-0.004795891611013871
-0.006156660243468323
-0.007889277892051554
-0.010089511521222746
-0.012875295492399165
-0.016390729567262275
-0.020810226171824656
-0.026342443617234874
-0.03323337869910782
-0.04176759529618586
-0.052265980184181736
-0.0650775731311419
-0.08056183539428656
-0.09905613150784624
-0.12082121661214168
-0.1459554206567659
-0.17426700006490253
-0.20509662169711784
-0.23709528963436985
-0.2680029663595494
-0.294565473283825
-0.3128752749691906
-0.31945821311113276
-0.31287527496919043
-0.2945654732838285
-0.26800296635955306
-0.23709528963437712
-0.2050966216971242
-0.1742670000649115
-0.1459554206567738
-0.12082121661214927
-0.09905613150785048
-0.08056183539428786
-0.06507757313113888
-0.05226598018417493
-0.041767595296175894
-0.0332333786990961
-0.026342443617221722
-0.02081022617181125
-0.016390729567250188
-0.012875295492389468
-0.010089511521216109
-0.007889277892047247
-0.006156660243467747
-0.004795891611014247
-0.0037297162776540305
-0.0028961604112249482
-0.002245748999854678
-0.0017391509677315159
-0.0013452146331543971
-0.0010393471823574704
-8.021901316786178E-4
-6.185449262452237E-4
-4.765070077069001E-4
-3.66771709882919E-4
-2.820805077495172E-4
-2.1678105377454112E-4
-1.6647888235523265E-4
-1.2776256493067563E-4
-9.798744468028857E-5
-7.510590077845142E-5
-5.7534438789214546E-5
-4.404983503818402E-5
-3.3708138315758176E-5
-2.578160825670752E-5
-1.970969682066285E-5
-1.5061001665414175E-5
-1.1503775660464105E-5
-8.783097152751054E-6
-6.703217227833572E-6
-5.1139248603724805E-6
-3.9000261535292595E-6
-2.973234145046846E-6
-2.2659224341228753E-6
-1.7263183358675979E-6
-1.3148067074734408E-6
-1.0010899435721588E-6
-7.620073347528138E-7
-5.79861836354746E-7
-4.411369576204342E-7
-3.355134303859153E-7
-2.5511601770564867E-7
-1.9393692628200744E-7
-1.4739463963145908E-7
-1.1199652308387544E-7
-8.508092075721039E-8
-6.462009283414528E-8
-4.9069718184618624E-8
-3.7253992956672146E-8
-2.8277953316759662E-8
-2.1460580131437697E-8
-1.6283796516022613E-8
-1.2353581117677508E-8
-9.37033761403011E-9
-7.106321177044947E-9
-5.3884462853583415E-9
-4.0852014493305184E-9
-3.0966802497706218E-9
-2.347005667980315E-9
-1.7785579990028208E-9
-1.347596619230744E-9
-1.020918974259288E-9
-7.733284571564196E-10
-5.857047336465981E-10
-4.4354461606670067E-10
-3.3584712390912434E-10
-2.542694464155254E-10
-1.924833027211903E-10
-1.4569428958808434E-10
-1.1026542912248049E-10
-8.344303361074204E-11
-6.313786831060083E-11
-4.776865891461282E-11
-3.613678757344359E-11
-2.7335002692886173E-11
-2.067493613966121E-11
-1.563662036370889E-11
-1.1824609283818513E-11
-8.941384993207493E-12
-6.76015101526877E-12
-5.111094372807554E-12
-3.8645435185787165E-12
-2.921538799903256E-12
-2.207826272455381E-12
-1.6690619045343164E-12
-1.2603735721033798E-12
-9.52386233158101E-13
-7.193954377820531E-13
-5.442276146356122E-13
-4.103068320274194E-13
-3.091587359612908E-13
-2.326499771918383E-13
-1.7540678123196408E-13
-1.3242582280803485E-13
-1.0057095833964545E-13
-7.558350096027312E-14
-5.6560906637300684E-14
-4.3527079407024334E-14
-3.326984487692042E-14
-2.526381959165841E-14
-1.870454723514193E-14
-1.4557555470251688E-14
-1.1758863063085047E-14
-9.037533511641753E-15
-6.159080371278489E-15
-3.3153081996010696E-15
-2.262542705410868E-15
-1.065627784056672E-15
-1.155434544902934E-15
-1.2711710605534898E-15
-1.560617189383834E-15
-1.4726046357104117E-15
-1.4973997239097923E-15
-7.519774066289644E-16
-6.194573387553029E-16
-4.321735015769293E-16
-4.0489736858181595E-16
-9.520217041986606E-16
-3.103219294083461E-16
-8.733210494199236E-16
-9.161595700179416E-16
-1.2133437061617466E-15
-5.890120109114318E-16
3.2103334768889817E-16
8.249380770535299E-16
5.242803578785394E-16
2.9509905614316676E-16
1.3328016170105134E-15
9.872777628396065E-16
5.162515302780436E-16
1.3902757296283407E-16
-2.783640279027979E-16
-2.1930135887604236E-18
2.6777926882965584E-16
8.250211048431233E-17
1.8155588513183938E-16
-2.3050279271973897E-16
2.8811117610447094E-16
3.5933124030679213E-16
4.895715890717058E-16
8.35794261475168E-16
1.0651805226123068E-15
1.4491793942146021E-15
7.621063938838336E-16
1.0669345513945353E-16
-1.5967557726329508E-16
-5.841277644820769E-16
-8.766540181981321E-16
-4.802018296943365E-16
-2.2875920169219434E-16
2.725990796395838E-16
7.925121067310076E-16
5.647037220265279E-16
3.7003332396181203E-16
-5.014848009053378E-16
-5.430262183156625E-16
-5.945056911506302E-16
-6.891727351565715E-16
3.4019595558321544E-16
8.98318072661748E-16
1.41426936751703E-15
5.716681171262563E-16
-4.797977368598979E-17
-5.609744891100626E-16
-5.126037666761676E-16
-5.762576988784035E-16
-3.1694190894636E-16
-6.85412924999483E-18
9.050178022510531E-16
9.921401169150231E-16
4.895496294000058E-16
8.542254083751379E-17
3.3221540420867035E-16
4.966482021915197E-16
-1.6578973262718447E-16
-5.878282886819857E-16
-1.083662116648667E-15
-8.133778877528179E-16
-3.8922953616684726E-16
2.9792136690923116E-16
3.3622251471465117E-16
9.480253940133302E-17
-2.0427626156837427E-16
-9.273626792190688E-16
-1.1380322988667016E-15
-7.176059559821652E-16
-3.9667775198041847E-16
-1.5470314305240074E-16
-7.29614645841214E-17
4.275401687296688E-16
4.617250300600861E-16
-8.158860048823255E-17
-5.643513559068876E-16
-3.165901957898405E-16
1.065161776283156E-16
1.2224622455979065E-16
6.295020118316386E-16
4.696220310266262E-16
2.1651182566037273E-16
1.705278824588128E-16
4.2587018326044463E-16
2.213545624408954E-16
-3.726218471056422E-16
-2.3585196772715365E-16
-1.6552352662492296E-16
-1.4994970642052836E-16
-6.666457618985815E-16
-4.63426026574135E-16
-7.476980758614411E-17
-1.1192242887842057E-16
-3.2252146005430193E-16
-1.0133505037176155E-16
-1.0592104092907196E-16
-2.617836933165095E-16
-4.9314016365982624E-17
3.0600421019480523E-16
4.059262612959489E-16
7.596847357991003E-16
-1.3457858528179679E-16
-1.6491144311655166E-16
-4.774947088917927E-16
-2.4318613691414256E-16
-1.4291827474210194E-17
-8.449247309356529E-17
3.0391990902409404E-16
1.813423204854076E-16
1.7260666861460104E-16
-5.676970381880844E-16
-9.28619437121098E-17
7.75533398569568E-17
1.127075900081891E-15
7.761616097801529E-16
4.695091976878262E-16
-1.131899887492843E-16
-3.536929606083621E-17
-1.5099983367665173E-16
-6.096792288834325E-16
4.7484506292283437E-17
-4.4286880978516986E-16
-5.822536718577357E-16
-2.772299426002592E-16
-5.833552100346045E-17
1.6492847375208334E-16
4.00479585035032E-16
5.732958782398593E-16
1.488833694926989E-16
-3.1210914163765405E-16
2.761804160462403E-16
2.6151574599033976E-16
7.208319448037383E-16
2.399410298873042E-16
-8.158185931839407E-17
-2.2806488426514723E-16
-3.544499115538099E-16
-5.486565705567098E-16
-6.635768032833295E-16
-6.026892876212094E-16
-3.5473118556627856E-16
-1.732841064830544E-16
5.2258617708306987E-17
2.86219929864561E-16
-1.3651142418534765E-16
1.3236154996948386E-16
8.671280867979817E-17
-2.0041855943954423E-16
1.717605114212313E-16
2.3502555706031867E-16
4.604529193293426E-16
5.636447810546075E-16
3.0116041651146683E-16
2.977352711953285E-17
3.242196705803243E-16
1.3834649869448165E-16
1.999341290234205E-16
4.0063985154650576E-16
-1.559323692107678E-16
-2.00188008263308E-16
-4.1429358354896646E-16
1.4488788050762443E-16
3.2511075955110963E-16
4.588536852141143E-16
4.916278754512679E-16
2.0060332937872644E-16
5.787018353024759E-17
-3.3511770528130142E-18
-2.1237707330981332E-16
-1.0626927656455043E-16
1.7716282380262145E-16
-4.096037314948167E-16
-1.190619112177733E-17
-1.577466316165633E-16
-3.5704409068704764E-16
-7.335185587640951E-16
-4.0375474932798033E-16
-4.966633643800441E-17
-1.6241805883609624E-16
-2.07921395790613E-16
5.381984552988573E-16
4.469906916335241E-16
2.7793420590202876E-16
2.0343000398163481E-16
4.840791435106072E-16
3.879387706221061E-16
2.4015684510825377E-16
1.568204661182128E-16
2.809920454156621E-16
8.679020987049004E-17
4.643105840579572E-16
-1.0517276483741065E-16
-3.501040153755956E-16
-3.2226302308351586E-16
1.9653003996046703E-16
3.257851539757703E-17
-9.997213459084159E-17
1.6945072817076045E-16
-4.0599640812404077E-17
-3.779369723092163E-16
-5.400621748327653E-16
-2.8842562696731313E-16
1.6278389535560488E-16
5.538288291829797E-16
4.511307104654538E-16
2.5424224767436445E-16
-2.4749035647094524E-16
-5.013812853909638E-16
-7.220890073389991E-17
2.00074652780448E-16
-1.4669109874970532E-17
1.737391404454772E-16
-2.1882188665306782E-16
-6.279639855063074E-17
-1.2207226959479557E-16
3.9761591928994633E-16
2.6534211898609986E-16
3.0313215860241725E-16
1.4361208333359427E-16
8.027165713772165E-17
-3.805947005012775E-16
1.184388935149709E-16
1.431264657707175E-17
3.749323381709281E-16
2.7710452207121966E-16
-9.146459334975308E-17
-4.563731108094475E-16
-5.4803224863339915E-17
-6.796256537061327E-17
8.532566309086105E-17
-1.2609223142012585E-16
2.4354989938842597E-16
-2.46643772583193E-16
-4.5462394354972557E-17
-5.2403925835677625E-17
2.2744769043773823E-16
1.8579575793926534E-16
-2.188035949823536E-18
8.992314088547379E-17
2.1709356684341797E-16
-4.2724343347913087E-17
-1.7503695759457748E-16
-2.542593668999792E-16
2.573253713388208E-16
-1.1794311794201205E-17
-1.7011291045983325E-18
1.875262779443818E-16
6.291752322579794E-16
3.240549544582227E-17
3.1061364444181895E-16
1.505003322571496E-16
3.6855437583751025E-16
6.335761962838846E-16
5.975727887576764E-17
2.288129546547815E-16
6.596011781496293E-17
2.800405188369614E-16
1.2254237661850625E-16
-3.253716342992568E-16
-7.818295137058432E-16
-8.12267497019529E-16
-7.952333032866419E-16
-2.539278720136904E-16
-5.583268430843188E-16
-4.0995224924118353E-16
-2.1910038293266255E-16
9.938127055509629E-17
7.505947144218225E-17
-2.0065764663342784E-17
-3.1012153423408486E-16
-4.124917934679143E-17
-2.951134541073666E-16
3.188788350963126E-16
2.1399661135755985E-16
8.45591045551294E-18
-8.133610613546885E-18
2.681343010506735E-16
4.496297075698068E-17
-8.568632050486196E-17
-1.5630973366491037E-16
-1.2939729550465667E-16
-3.183880133848908E-17
2.681761224519422E-16
2.619216671781647E-16
-4.099754104516692E-17
-3.049258075832068E-16
-5.039535238002495E-16
-1.6798028408100354E-16
5.758152713990909E-16
4.0993259214107703E-16
1.7282443152673717E-16
2.0902537236369404E-16
2.6600151764985444E-16
5.001099903339156E-17
3.901108069785445E-16
-1.2020129876492715E-16
4.089604922505781E-16
3.063685468652632E-16
-7.629389221720461E-17
6.499419006592379E-17
-2.7222739246230163E-16
4.806953760249888E-17
2.3821254058871527E-16
2.5780425664758406E-16
-1.5072362262597488E-17
-1.8392889053396658E-16
1.4008718399425075E-16
-7.562930985036596E-17
1.231815929685955E-16
1.470245239276303E-16
4.0344663250277205E-16
2.8335827116161045E-16
-4.2288239445332754E-18
-7.38879521269445E-17
1.5298963575676947E-16
2.080234879636869E-16
3.7899408054482814E-16
9.714620526425725E-17
3.636073030908618E-16
7.83158318251399E-17
-9.461954762064716E-17
-1.280853661460406E-16
-6.745210722475014E-16
-1.8013695817002849E-16
-5.540856979085823E-17
-2.9227217444310844E-16
-3.0335041938207683E-16
1.4235700112338763E-16
2.456329519407448E-16
3.509794787681259E-16
4.0768692547607103E-16
4.725303203178437E-16
2.2745100919001724E-16
-2.688984546589001E-16
-3.383747685815539E-16
-1.9158663853262017E-16
-3.750788513659675E-16
-3.408818845057716E-17
-3.6378940783191724E-17
4.0731536805896463E-16
1.2012653183931676E-16
1.3081229936768914E-16
1.5386423972670082E-16
2.0896497901131186E-16
-5.5254646310966166E-17
1.2315234272220441E-17
-1.5086681349922164E-16
-1.8023404362025212E-17
-4.091018032642344E-16
-4.6729677340915194E-18
-2.437988228055796E-16
1.2228248599468394E-16
-1.0095010822195384E-16
-5.333615740116672E-16
-4.3986527115705153E-16
-4.3922172695490725E-17
-6.314806007703567E-17
-2.7128062967101264E-16
5.52367137886422E-16
6.411876220574745E-16
2.5537717056276034E-16
-5.922230297296406E-16
-5.365769181195206E-16
-1.2864068609623953E-16
6.257434817983004E-17
-2.419132958552897E-16
-3.2486928977941997E-17
-9.53008561107044E-17
1.1538561790146787E-16
-5.842910789440552E-16
-4.700364929042925E-16
-1.1855588566379726E-16
1.5473002444270938E-16
-3.371377968608121E-16
-1.6954266242925846E-16
4.82006931297041E-17
-1.332750127508127E-16
-1.4939293550918014E-16
-6.275961396342765E-17
3.854590894696376E-18
3.464054954862246E-17
-1.8182581737830763E-16
1.7603939158258566E-16
1.7489018420323593E-16
1.873304768162494E-16
6.989016323916465E-18
-1.869575558151148E-16
3.4867785781374755E-16
1.6684460922399553E-16
-7.353414381402824E-17
3.9316047210921717E-16
2.644126815307313E-16
-2.781376048805134E-17
-2.354931565792374E-16
1.2922042884971936E-17
1.9922051667406127E-16
-3.794855149643372E-16
-1.3536612779282938E-16
-1.1384629540156276E-17
2.5939666686498723E-16
1.5381067241727026E-16
8.745906658382507E-17
2.2300574390531397E-16
4.395014171270394E-16
-2.674931294472765E-16
-4.164669172781343E-17
2.0716769872731206E-16
3.590236932533578E-16
9.000294332992017E-17
2.6073303538410436E-16
-1.3319162795296692E-16
5.021909929955765E-16
-1.0126486614170488E-16
1.0412908739276086E-16
1.5334118019038968E-16
1.740121471831013E-16
-1.6017979242957209E-16
1.4651850559222565E-16
-4.1805660944406964E-17
1.0972144413036702E-16
-3.8919025132674135E-16
3.644541520664095E-17
1.0997418605974159E-16
5.662081727704933E-17
-9.15569841046594E-17
-2.1433481535558425E-16
-1.231806630995908E-16
-1.5028587802869847E-16
2.098023263885006E-17
2.2903667252943233E-16
-6.80710258262508E-17
-1.5295153470843101E-16
-3.240734159623796E-16
-3.129173944436056E-16
4.961063014571657E-17
4.8281730514965214E-17
2.0147161110210342E-16
4.9343514992051E-17
1.7492993028611808E-16
-3.77036955276073E-17
-2.3681623717755913E-16
-8.766010273559209E-17
-3.6698506510281217E-16
-1.022062340411398E-16
-2.4344483440105246E-17
-2.632541662116191E-16
-1.10186039505305E-16
1.8948213924531076E-16
1.9837121541114615E-16
2.01524315873778E-16
1.2824609990333146E-16
-1.0634835568053628E-16
1.410128211853526E-17
-3.514285843212583E-16
-7.940634254896764E-17
-3.0227047954111255E-16
-3.5754706106851584E-16
-1.002371585826599E-16
7.164338437540233E-17
1.7990009273568613E-16
3.5250697871760487E-16
4.8496128923817334E-17
-2.976894153039308E-16
-2.679875983008898E-16
1.547090558110064E-17
1.724977012627263E-16
9.464643206010368E-17
1.6156704609265624E-16
9.089369786482418E-17
6.65607951303879E-17
2.4962075428287295E-17
-3.915874374768667E-17
-2.1259033525607215E-16
-1.9826755722108705E-16
3.0323354156653276E-16
1.38977369398653E-16
2.818820516160375E-16
2.1983398873047353E-16
2.8640419747736113E-16
-1.98152773509994E-16
-2.1921293843741614E-16
-1.6549055389858866E-16
-8.375433682094548E-17
-2.516306593700982E-16
-1.751334015123859E-16
1.3955608646595818E-17
2.0513335451154465E-16
1.5613952752008156E-16
-3.0230571556701005E-17
-3.624368057565129E-16
-3.456751004124586E-16
-5.628643132482603E-16
1.3491107007783038E-17
-2.304659361941057E-16
7.905554749365124E-17
9.84196413724355E-17
5.980636267360576E-17
-8.380408067503191E-17
9.733303628584121E-17
-2.722555331874178E-16
-4.0283720590673445E-17
-2.7115200939976837E-16
1.9442874905988354E-16
-4.4666312238686915E-17
-1.288414658454299E-16
-8.073512467149583E-17
-1.955169436993478E-16
-2.62255125654282E-16
-3.999511645872685E-16
2.2732914042160495E-17
-1.443935562371246E-16
6.15653166032272E-17
9.621810720875947E-18
-1.5629173943134792E-16
-1.0160243758893118E-16
-8.354925391139889E-17
2.804520313262575E-16
-1.0104866172008229E-16
1.8239126106433935E-16
3.262604056431472E-17
-6.323067099807396E-17
3.55221198324687E-16
-3.3249118335502106E-18
6.446743717901085E-17
5.150132572253526E-17
3.69939481276853E-17
1.519722864918613E-16
5.972264736440009E-17
3.700691152944175E-17
4.156706211610436E-17
-7.279534079630692E-17
-5.875411383044368E-18
3.6101323574840613E-16
2.6478634979377004E-16
6.582405432346341E-17
4.942545249078662E-17
1.9255846561149106E-17
9.900044310299426E-17
1.1938428364621033E-16
-1.6298831055603906E-17
3.5177077141263255E-17
-9.712360602747081E-17
2.208717775630942E-16
1.4539954785055498E-16
3.4436654174927613E-16
-6.200363346141388E-17
2.3951181267155535E-16
3.2692925926785337E-16
1.973861089193261E-16
2.894446332790375E-16
1.8201040931056429E-16
7.073994609596226E-17
-1.1924578432530162E-16
9.38442294165462E-17
-1.7681007314544488E-16
1.9496599611494252E-16
-3.7800467884339095E-16
4.7587112619320465E-17
1.0260538875721854E-16
2.171557946209086E-16
2.270262553713388E-16
1.846985919917634E-16
8.447046023703613E-17
2.4359598781435075E-16
1.0469713218128611E-16
-1.1972584473615532E-16
1.5150731537383397E-16
2.773796929731727E-16
-2.0049302736291839E-16
1.4758566811501062E-16
-4.422900473932005E-19
1.0181223848578021E-16
-2.2904257338596585E-18
9.897440010912357E-17
-1.3164031809644543E-16
-1.7226077998404708E-16
-5.1886256343556746E-17
7.858706259125119E-17
-4.8739319806865826E-17
1.153089550710166E-16
-4.608848743495039E-17
2.3809175943289033E-16
2.5713504924391624E-16
-1.496560699764556E-17
-3.90203497519096E-17
1.3992938048925444E-16
1.0030163973276357E-16
-4.755528464113623E-17
4.2880255332758586E-17
1.7337363865331798E-16
1.8573911690066972E-17
1.5788035842468527E-16
3.248864887093996E-16
3.694014331751425E-17
-6.385219778119964E-17
-1.3246492364368441E-16
-1.73794364814872E-16
9.634491508619195E-17
8.533863572886873E-17
-2.81066759125579E-17
1.027955650144547E-17
1.3137273427095517E-16
3.124589558737408E-16
9.442304944984267E-17
1.4979371586331257E-16
1.3776030367377818E-16
-1.4526821682937482E-16
3.661353906889583E-17
2.4841265842330355E-16
2.182993410770887E-16
-7.005384409978303E-17
-1.2168952830104298E-17
2.996981045013808E-16
1.5955670110161514E-16
1.8272104626845922E-16
2.153291991405574E-16
2.952495835445857E-17
1.639784763041608E-16
6.391083890775439E-17
-4.5069281527022285E-17
2.1209255050177714E-16
1.9847282733899712E-16
-1.0051983919417004E-16
-1.4654304541117987E-17
-7.041326922612237E-17
1.0757182703092299E-16
2.748595265536515E-17
-2.5720974204770797E-16
1.142163618394538E-16
-5.824979118793057E-17
2.6506226421659343E-16
3.6597558337646735E-16
-7.193526687573102E-17
-7.010639153414959E-17
3.682548869830505E-17
3.192213714830126E-16
-1.3988602028789495E-16
1.1418901039920042E-16
-5.659776409422066E-17
-2.4346219295619315E-16
1.0829436387534981E-16
-6.070622536318771E-17
7.860085290907926E-18
-1.3230948494680106E-16
6.485141181631252E-17
9.618854566139619E-17
8.968681348703233E-17
-4.497560076397758E-17
3.0703082229857207E-17
1.9327836275198846E-16
1.6933687405369222E-16
-3.4725869986669283E-17
-1.2099312188708907E-16
1.0190922822657807E-16
1.3246534855674765E-16
-1.8470152021626754E-16
-9.270094833106266E-17
-1.16749352650308E-16
6.947653366738321E-18
-1.1800487504435082E-16
-1.9878235248269458E-16
1.740850851520214E-18
-1.5152347163296067E-16
2.1169042078831114E-16
-6.809568044629652E-17
-1.2154122099240576E-16
4.5633245597879285E-17
-1.4377233039454655E-16
-8.424439036578455E-18
-7.680572513053818E-17
1.349758125535934E-16
-1.2159853741142688E-16
-1.8722188684954607E-16
8.304709238433341E-17
4.5766915125838275E-18
-4.49229739178363E-16
3.601663057769821E-17
4.4422173751132687E-17
-3.5444928796083013E-17
1.133295608911982E-16
7.896350065954146E-17
3.262269726828618E-18
-5.861488032945394E-17
1.4966776359009857E-17
1.1912233975670314E-16
-1.7868871569834805E-16
1.9370822847172507E-16
-1.2113069447424238E-16
-9.748571774674322E-17
6.563187350014511E-17
-1.873604536371466E-16
2.480160246342555E-16
-4.209405399723724E-16
-1.9224127436932756E-16
-1.2383195794612623E-16
6.144388741040199E-17
-7.972024586117306E-17
-1.906470324393534E-16
1.9510651267982337E-16
-1.495262514483237E-17
-3.0207012124373775E-16
-1.0413165480529843E-16
1.3388858206102475E-17
-5.288985369924273E-17
-2.0825381746097876E-17
2.930398325052844E-16
6.882671834844928E-17
-1.3438771513142016E-17
-4.482253713103208E-18
1.1993779992645779E-16
-6.204431624474829E-17
-3.4248789753064896E-17
1.4407881401907317E-17
-1.7682970559907905E-16
-9.409394519638391E-17
-1.3058837905277577E-16
1.3780304639262734E-16
-1.355112520417724E-16
2.7103157551113666E-16
1.789998509013825E-16
2.2775041524572665E-16
-1.8245640657397245E-16
5.3122474726227393E-17
-9.329161510695588E-17
-1.9247896220017057E-16
3.8009902872687615E-17
2.2469046409496525E-16
2.622971060451656E-16
-1.945948759411069E-16
1.3808764161202143E-16
2.8811145150430464E-16
1.4549250942952145E-16
6.266337286017063E-17
6.509027857332712E-17
2.285607475188922E-16
1.0597318684973742E-16
-1.4186595292686263E-17
2.7102160230205027E-16
-4.09413765492304E-17
1.0222835045639233E-16
1.46589157455102E-16
2.8760761270123653E-16
8.314791841631351E-18
-1.5588984471839345E-16
1.0284794206104219E-16
1.0686821711792884E-16
-2.4502806376357015E-16
-1.496580053077771E-16
1.5846180142538585E-16
-3.934292629412028E-16
-9.769029957935095E-17
-7.961897483860256E-17
3.3476842645306103E-16
-3.535538386787547E-16
-2.1499621528060232E-16
6.087032800085044E-17
2.4451046948350615E-17
-5.389175742563107E-17
-2.118705666433966E-16
-7.738295404883244E-17
-2.137839530029578E-16
-4.689307443634301E-18
-2.1759943442370414E-17
-6.77500809956059E-17
1.2331717847156128E-16
-9.182297458651615E-17
-2.4271515301417023E-16
-3.296757435907199E-17
1.4135357036868553E-16
8.84741929758575E-17
1.0421095657830967E-16
2.1935709951646473E-16
3.625437283506633E-16
8.938463012679914E-17
-9.393122869155591E-17
2.4808118200996085E-16
-4.181802163051943E-17
1.5890821802392003E-16
-2.8498875447200105E-16
5.643983811364392E-17
-5.326166907860273E-17
9.044142736336115E-17
1.1000268796695271E-16
2.2039932084948064E-17
1.0749889490723494E-16
6.283846759952506E-17
1.064965746994789E-16
-1.074650164001165E-16
-7.209957111232233E-17
-1.3855135002529372E-16
-7.093960444482572E-17
-4.230344758582613E-17
1.9737090430091127E-17
-5.2502674351039634E-17
-8.067833717732164E-17
-2.426168076379441E-16
-2.4699207504814607E-16
-1.6004616774684499E-16
-5.940479048197061E-17
-7.681030744019795E-17
-2.8088568168502754E-17
-3.9782172301722954E-17
-1.2529881870656416E-16
-4.04674218241915E-16
-1.0331189761255868E-16
-1.2671911024757382E-16
1.5715868157549783E-16
-1.6051861276478784E-16
-4.2911436338806575E-17
4.286200562645206E-17
-2.3529931585275104E-18
-1.1433970754599703E-16
1.2054904502028638E-16
-6.176903228674481E-17
1.9266266455158763E-17
5.3462776990584576E-18
2.0450567462438246E-16
-2.3041661933492046E-16
-6.419213729791562E-18
-1.2077714256668232E-16
-1.3044459728273766E-16
-8.088536101748191E-18
7.630704496621254E-17
3.1247077300166523E-16
1.0742496757685264E-16
4.499197572681267E-17
7.666655010805733E-17
1.2584610106980847E-16
2.275617245879368E-16
1.4747396871597207E-16
1.8313004292771742E-16
-1.4557538322595268E-16
1.6847003050654405E-16
1.940881962967445E-16
-8.009296905134042E-17
1.8226151314046606E-16
6.420002124868159E-17
1.4214530401405455E-17
-9.238796244766658E-19
1.0703687157966857E-16
-1.1463973962703396E-16
-9.324333506784448E-17
-3.6964695104886274E-17
-1.2090821050463965E-16
-9.088690288146536E-18
-7.421718205387827E-17
-4.0019071464744833E-17
-1.3793998572176528E-16
-3.3437966943216474E-16
-2.0687431686423896E-16
-2.478706284966955E-18
-8.87867012263144E-17
3.9989113712284575E-17
-1.6897378540190574E-16
6.339712366647297E-17
-4.8387166405640094E-17
7.338110970550963E-17
2.7167095719974793E-17
-7.562456417722657E-17
2.1083104351945316E-17
-1.665857989391275E-16
8.857289186552868E-17
-2.7921303839773643E-16
7.449109812334017E-17
-4.2523650051458E-17
-1.416044206236833E-16
1.3394837128007755E-16
2.4130664613853512E-17
1.920073855430513E-17
2.672208334694031E-16
1.10922159688563E-16
8.725773111157371E-17
-1.5294865418268892E-16
-5.966886254015536E-17
6.829380738145503E-17
-2.1856431272170653E-17
2.5527445415043693E-16
-4.3996547460388255E-17
-1.2713157928512219E-16
1.859006077768125E-16
1.7405321371192164E-16
-4.452123308032527E-18
1.6976656392147583E-16
1.1455646082046215E-17
-2.059307563188531E-16
-1.3093179306988735E-16
4.439661766609363E-17
1.1695360564442553E-16
1.4236125116344833E-16
1.518967764170031E-16
1.5122649242153635E-16
5.4929092552279134E-17
-1.6994011160554845E-17
2.484653450504948E-16
2.6488157253247038E-17
1.1796511814219375E-16
1.3256548706929183E-16
1.8025461322802179E-16
1.6945133253918194E-16
-7.03888972284218E-17
3.2874626221292862E-18
-4.330623204461685E-17
-1.5523893967725218E-16
2.8039465592721876E-17
-1.831308207089898E-17
2.0619885283767989E-16
